MSFT 06 402.09 07 409.14 08 406.22 09 404.52 10 415.28 11 415.10 12 425.22 13 416.42 14 417.32 15 421.41 16 425.23 17 428.59 18 429.37 19 428.74 20 422.86 21 424.45
AAPL 06 170.12 07 169.12 08 169.00 09 170.73 10 172.75 11 173.23 12 171.13 13 173.17 14 172.62 15 173.72 16 176.08 17 178.67 18 171.37 19 172.28 20 170.85 21 170.31
NVDA 06 859.64 07 887.00 08 926.69 09 875.28 10 857.74 11 919.13 12 908.88 13 879.44 14 878.36 15 884.55 16 893.98 17 903.72 18 914.35 19 942.89 20 950.02 21 959.47
AMZN 06 174.12 07 173.51 08 176.82 09 175.35 10 171.96 11 175.39 12 176.56 13 178.75 14 174.42 15 174.48 16 175.90 17 178.15 18 178.15 19 178.87 20 179.71 21 180.68
GOOGL 06 132.67 07 131.40 08 134.38 09 135.41 10 137.67 11 138.50 12 139.79 13 143.10 14 141.18 15 147.68 16 147.03 17 148.74 18 147.60 19 150.77 20 150.07 21 150.60
META 06 490.22 07 496.09 08 512.19 09 505.95 10 483.59 11 499.75 12 495.57 13 491.83 14 484.10 15 496.98 16 496.24 17 505.52 18 507.76	19 509.58 20 503.02	21 504.90
TSLA 06 176.54 07 178.65 08 175.34 09 177.77 10 177.54 11 169.48 12 162.50 13 163.57 14 173.80 15 171.32 16 175.66 17 172.25 18 171.32 19 173.80 20 170.83	21 175.66
AMD 06 210.63 07 211.38 08 207.39 09 198.39 10 202.76 11 194.79 12 187.06 13 191.06 14 190.65 15 181.42 16 179.73 17 179.50 18 178.68 19 179.65 20 178.63 21 180.09
NFLX 06 597.69 07 608.51 08 604.82 09 600.93 10 611.08 11 609.45 12 613.01 13 605.88 14 618.39 15 620.74 16 627.69 17 627.20 18 622.71 19 628.01 20 627.46 21 628.71
PEP 06 163.00 07 163.11 08 163.05 09 164.73 10 164.54 11 165.30 12 164.78 13 164.66 14 171.26 15 171.80 16 171.86 17 173.34 18 172.45 19 172.02 20 172.60 21 172.88
ADBE 06 543.09 07 556.04 08 551.69 09 560.42 10 579.14 11 573.55 12 570.45 13 492.46 14 513.86 15 521.19 16 519.14 17 507.56 18 511.25 19 499.52 20 507.23 21 509.70
INTC 06 44.51 07 46.15 08 44.00 09 44.86 10 45.24 11 43.23 12 42.75 13 42.64 14 42.71 15 42.05 16 42.20 17 42.68 18 42.42 19 42.57 20 41.83 21 42.01